Evaluation Metrics:
Loss: 0.018375001847743988
Accuracy: 0.990572452545166
Precision: 0.989908754825592
Recall: 0.9754641652107239
AUC: 0.9996934533119202
Dice Coefficient: 0.977882444858551
F1-Score: 0.9826333744638385
